0 314 326
1 314 296
2 315 309
3 310 275
4 315 288
5 316 280
6 318 261
7 266 265
8 319 245
9 320 236
10 322 205
11 314 330
12 313 334
13 313 336
14 313 340
15 313 343
16 313 347
17 313 352
18 312 361
19 314 301
20 308 303
21 247 244
22 286 271
23 278 272
24 272 272
25 264 268
26 292 269
27 278 252
28 286 253
29 271 253
30 267 255
31 258 273
32 283 373
33 264 264
34 241 275
35 252 269
36 280 299
37 305 325
38 306 334
39 296 329
40 291 335
41 300 336
42 296 339
43 281 350
44 308 296
45 308 289
46 256 246
47 295 280
48 292 299
49 291 296
50 260 300
51 309 281
52 272 236
53 263 240
54 253 229
55 303 243
56 292 255
57 276 343
58 244 346
59 297 303
60 303 306
61 285 344
62 289 343
63 259 235
64 292 303
65 285 237
66 285 231
67 281 208
68 256 231
69 284 219
70 253 244
71 250 244
72 306 330
73 298 333
74 293 337
75 299 305
76 287 343
77 289 343
78 289 342
79 301 298
80 297 339
81 302 337
82 307 336
83 303 360
84 304 351
85 305 346
86 306 342
87 307 339
88 296 341
89 295 342
90 293 344
91 291 347
92 285 326
93 240 311
94 315 305
95 293 342
96 291 342
97 306 309
98 295 309
99 305 307
100 287 285
101 276 291
102 290 300
103 264 216
104 267 222
105 270 230
106 286 353
107 302 233
108 301 219
109 300 205
110 267 271
111 251 279
112 296 267
113 259 258
114 300 275
115 296 294
116 244 285
117 255 283
118 263 285
119 277 283
120 287 280
121 295 276
122 310 263
123 244 300
124 254 257
125 311 301
126 295 286
127 241 279
128 301 272
129 290 302
130 262 264
131 296 290
132 240 329
133 296 265
134 302 284
135 255 359
136 255 370
137 239 306
138 248 350
139 246 259
140 280 381
141 312 304
142 288 293
143 246 271
144 272 267
145 278 268
146 287 345
147 245 315
148 293 394
149 271 384
150 263 378
151 321 220
152 309 396
153 285 268
154 290 266
155 294 266
156 250 257
157 291 261
158 285 260
159 279 259
160 273 260
161 269 261
162 243 260
163 269 266
164 314 314
165 291 320
166 297 301
167 304 315
168 318 254
169 262 368
170 271 375
171 293 387
172 249 360
173 295 263
174 305 274
175 310 389
176 281 390
177 240 322
178 301 340
179 299 341
180 298 345
181 296 349
182 293 357
183 292 341
184 289 341
185 287 339
186 280 334
187 254 317
188 305 269
189 303 258
190 298 260
191 293 340
192 252 337
193 309 256
194 288 365
195 316 273
196 310 269
197 317 267
198 299 285
199 310 379
200 311 369
201 299 368
202 273 353
203 284 308
204 279 360
205 269 308
206 278 316
207 263 322
208 295 378
209 294 291
210 265 359
211 274 366
212 268 343
213 247 329
214 259 345
215 243 337
216 272 328
217 300 280
218 298 297
219 294 301
220 302 291
221 297 251
222 286 247
223 276 246
224 268 247
225 262 251
226 258 266
227 239 290
228 262 276
229 268 277
230 277 277
231 286 276
232 294 273
233 299 270
234 240 295
235 294 304
236 304 279
237 304 296
238 308 301
239 304 298
240 297 307
241 309 301
242 310 304
243 299 265
244 303 265
245 305 265
246 266 263
247 263 259
248 323 275
249 370 271
250 321 303
251 396 253
252 350 275
253 357 276
254 364 277
255 373 275
256 344 272
257 360 257
258 352 257
259 367 259
260 371 262
261 378 280
262 339 376
263 373 270
264 397 284
265 386 277
266 351 303
267 322 325
268 320 335
269 331 330
270 336 336
271 327 337
272 331 340
273 345 353
274 321 297
275 322 289
276 383 255
277 339 283
278 339 301
279 340 298
280 372 306
281 322 281
282 367 243
283 377 247
284 391 237
285 335 246
286 345 259
287 350 346
288 385 355
289 333 305
290 326 307
291 342 346
292 338 345
293 381 243
294 339 306
295 354 242
296 356 236
297 364 213
298 386 239
299 359 223
300 387 253
301 392 253
302 322 330
303 329 334
304 334 338
305 331 306
306 340 345
307 337 345
308 338 344
309 329 299
310 330 340
311 325 338
312 319 337
313 321 361
314 321 352
315 321 347
316 321 343
317 320 340
318 331 342
319 332 343
320 334 345
321 335 348
322 343 328
323 395 321
324 334 343
325 336 344
326 324 310
327 335 311
328 325 308
329 346 289
330 357 295
331 340 302
332 380 223
333 376 229
334 370 237
335 339 356
336 338 236
337 341 221
338 345 208
339 369 276
340 385 287
341 340 269
342 379 265
343 334 277
344 334 296
345 391 294
346 380 290
347 370 291
348 357 288
349 347 283
350 340 279
351 325 264
352 389 308
353 385 265
354 318 301
355 338 289
356 399 288
357 334 273
358 341 304
359 375 271
360 335 292
361 392 338
362 340 267
363 329 286
364 370 366
365 369 377
366 395 315
367 378 357
368 394 268
369 340 385
370 317 304
371 344 296
372 391 280
373 364 272
374 357 272
375 339 347
376 386 323
377 326 396
378 349 389
379 359 384
380 351 271
381 346 269
382 342 268
383 390 265
384 346 264
385 352 264
386 358 264
387 364 265
388 368 267
389 399 269
390 368 272
391 337 322
392 333 303
393 324 316
394 361 374
395 351 380
396 326 389
397 377 368
398 342 265
399 329 275
400 338 393
401 391 331
402 326 341
403 327 343
404 328 346
405 329 351
406 331 359
407 336 343
408 338 342
409 340 341
410 348 337
411 376 324
412 329 270
413 334 260
414 339 262
415 334 342
416 375 344
417 328 257
418 335 367
419 324 270
420 333 287
421 323 370
422 352 357
423 346 311
424 345 363
425 361 313
426 351 320
427 366 327
428 326 380
429 337 293
430 359 364
431 349 371
432 358 348
433 383 336
434 367 350
435 386 345
436 356 332
437 333 282
438 332 298
439 336 303
440 328 292
441 341 254
442 353 251
443 363 251
444 371 254
445 377 258
446 380 273
447 397 299
448 374 282
449 367 283
450 357 282
451 349 279
452 341 275
453 337 272
454 397 305
455 336 306
456 328 280
457 326 297
458 322 301
459 326 299
460 333 309
461 320 301
462 320 304
463 337 267
464 333 267
465 330 267
466 370 269
467 375 266
0 309 323
1 308 296
2 309 307
3 302 275
4 308 288
5 309 280
6 309 262
7 259 265
8 310 247
9 310 238
10 311 215
11 309 327
12 309 331
13 309 334
14 308 339
15 308 342
16 308 347
17 308 352
18 307 359
19 308 300
20 302 302
21 238 248
22 278 270
23 271 271
24 265 271
25 256 268
26 284 268
27 270 251
28 277 252
29 263 252
30 258 255
31 251 273
32 278 369
33 256 263
34 232 275
35 244 269
36 274 298
37 300 323
38 302 332
39 292 328
40 287 334
41 296 334
42 292 337
43 276 348
44 302 296
45 301 289
46 248 249
47 287 280
48 286 298
49 285 295
50 253 300
51 302 281
52 264 239
53 254 242
54 244 235
55 294 245
56 284 254
57 272 342
58 235 342
59 292 303
60 298 305
61 282 343
62 285 342
63 251 239
64 286 303
65 277 239
66 275 234
67 272 218
68 248 237
69 274 226
70 245 247
71 241 248
72 301 328
73 294 331
74 289 335
75 294 304
76 284 343
77 285 343
78 286 342
79 295 298
80 294 337
81 298 336
82 303 334
83 297 359
84 299 351
85 300 346
86 301 342
87 302 339
88 292 340
89 290 342
90 288 344
91 286 346
92 280 325
93 231 308
94 309 303
95 289 341
96 287 342
97 300 308
98 289 308
99 299 306
100 280 285
101 269 290
102 284 300
103 255 224
104 258 229
105 261 234
106 281 352
107 292 236
108 291 226
109 290 215
110 259 270
111 244 279
112 288 266
113 251 259
114 292 275
115 290 294
116 236 285
117 248 283
118 256 285
119 270 283
120 279 279
121 287 275
122 302 264
123 237 299
124 246 258
125 305 300
126 288 286
127 232 278
128 293 271
129 284 301
130 254 264
131 290 290
132 231 324
133 288 264
134 295 285
135 248 355
136 247 365
137 231 303
138 241 346
139 237 261
140 274 378
141 306 303
142 282 292
143 238 272
144 265 267
145 271 267
146 283 345
147 239 313
148 287 391
149 264 380
150 255 374
151 311 227
152 305 393
153 277 267
154 283 265
155 286 264
156 241 259
157 282 260
158 276 258
159 270 258
160 264 259
161 261 261
162 234 262
163 261 266
164 309 312
165 286 319
166 291 301
167 299 314
168 310 255
169 255 364
170 264 371
171 288 383
172 241 355
173 286 262
174 297 274
175 306 386
176 274 386
177 232 319
178 296 339
179 295 341
180 293 345
181 291 349
182 288 356
183 288 340
184 286 340
185 283 339
186 275 333
187 249 316
188 297 269
189 294 258
190 290 259
191 290 339
192 246 334
193 300 257
194 283 362
195 309 274
196 302 270
197 309 268
198 292 285
199 306 376
200 307 367
201 294 366
202 267 350
203 279 308
204 273 357
205 264 307
206 273 315
207 258 320
208 290 374
209 288 291
210 259 355
211 268 363
212 263 341
213 240 326
214 253 342
215 235 333
216 268 327
217 292 280
218 292 296
219 288 300
220 295 291
221 289 251
222 277 247
223 267 246
224 259 248
225 254 252
226 250 266
227 230 289
228 254 276
229 261 277
230 270 277
231 279 274
232 286 272
233 291 269
234 231 293
235 289 303
236 297 279
237 297 295
238 302 300
239 298 297
240 291 306
241 303 300
242 304 303
243 291 264
244 295 265
245 297 265
246 258 262
247 255 259
248 315 275
249 361 267
250 315 302
251 385 252
252 341 272
253 348 273
254 354 273
255 363 271
256 335 269
257 350 254
258 343 254
259 357 255
260 362 258
261 369 276
262 336 371
263 363 266
264 389 279
265 376 273
266 344 299
267 317 322
268 315 332
269 326 327
270 330 332
271 321 333
272 325 336
273 339 348
274 315 296
275 316 289
276 372 253
277 331 281
278 331 299
279 332 296
280 364 302
281 315 281
282 357 243
283 366 247
284 378 238
285 326 246
286 336 256
287 344 341
288 382 346
289 326 302
290 320 304
291 335 341
292 331 341
293 370 244
294 331 303
295 344 242
296 345 238
297 351 219
298 374 241
299 347 228
300 376 252
301 381 252
302 316 327
303 323 330
304 327 334
305 324 304
306 333 341
307 331 342
308 330 340
309 322 298
310 323 336
311 319 335
312 314 334
313 317 359
314 317 351
315 316 346
316 316 342
317 315 339
318 325 339
319 326 341
320 328 343
321 330 346
322 337 324
323 390 312
324 327 340
325 329 341
326 317 307
327 328 308
328 319 306
329 338 286
330 349 292
331 333 300
332 368 227
333 364 232
334 359 239
335 334 352
336 328 238
337 330 227
338 333 216
339 360 273
340 376 282
341 331 267
342 369 262
343 326 275
344 327 294
345 383 289
346 371 286
347 362 287
348 349 285
349 339 281
350 332 277
351 316 265
352 381 303
353 375 262
354 312 300
355 330 287
356 391 283
357 326 272
358 333 301
359 366 267
360 328 291
361 388 329
362 331 265
363 322 285
364 367 358
365 368 368
366 389 308
367 374 349
368 385 265
369 338 380
370 311 303
371 336 293
372 382 276
373 354 269
374 348 269
375 333 343
376 379 316
377 323 393
378 348 383
379 358 377
380 342 268
381 337 267
382 333 266
383 380 263
384 337 262
385 343 261
386 349 261
387 355 262
388 359 263
389 389 266
390 358 268
391 331 319
392 326 301
393 318 313
394 358 367
395 349 374
396 324 385
397 375 359
398 333 263
399 321 275
400 337 388
401 386 323
402 320 339
403 322 341
404 323 344
405 324 349
406 327 356
407 328 338
408 331 338
409 333 337
410 341 332
411 368 318
412 321 269
413 325 259
414 330 261
415 327 338
416 370 336
417 319 257
418 331 363
419 316 270
420 326 286
421 319 366
422 348 351
423 339 308
424 341 358
425 354 308
426 344 316
427 359 321
428 322 375
429 330 291
430 355 357
431 346 365
432 353 342
433 377 329
434 362 344
435 382 337
436 349 327
437 325 281
438 325 297
439 329 300
440 322 291
441 331 253
442 343 250
443 353 249
444 361 252
445 366 256
446 370 270
447 390 293
448 365 278
449 358 279
450 349 278
451 340 276
452 333 273
453 328 270
454 390 298
455 328 303
456 321 280
457 320 296
458 315 300
459 319 297
460 326 306
461 314 300
462 314 303
463 329 265
464 324 266
465 322 266
466 361 265
467 365 262
