0 381 423
1 380 391
2 380 400
3 370 358
4 379 382
5 378 368
6 376 335
7 314 331
8 375 311
9 374 299
10 372 250
11 382 427
12 382 430
13 382 431
14 382 433
15 382 437
16 383 441
17 383 446
18 383 452
19 380 395
20 371 395
21 280 294
22 340 339
23 331 340
24 323 340
25 311 335
26 347 337
27 327 316
28 336 316
29 319 318
30 313 321
31 305 341
32 352 464
33 311 328
34 278 335
35 294 335
36 336 381
37 371 421
38 373 430
39 361 424
40 354 428
41 365 431
42 359 432
43 343 440
44 372 391
45 371 382
46 299 313
47 352 356
48 352 388
49 351 382
50 311 380
51 370 369
52 319 303
53 307 306
54 287 277
55 357 310
56 344 319
57 336 432
58 292 420
59 358 393
60 366 395
61 346 433
62 349 432
63 302 300
64 352 392
65 335 303
66 333 296
67 322 256
68 295 288
69 328 275
70 293 308
71 286 301
72 372 427
73 363 429
74 357 430
75 361 394
76 348 433
77 351 434
78 350 431
79 363 390
80 360 431
81 367 431
82 374 431
83 372 452
84 372 446
85 373 441
86 373 436
87 373 433
88 359 433
89 358 434
90 356 436
91 355 439
92 346 416
93 280 374
94 380 397
95 355 432
96 353 433
97 369 400
98 355 397
99 367 398
100 343 362
101 330 369
102 350 386
103 301 265
104 308 279
105 315 295
106 351 445
107 354 297
108 349 274
109 345 252
110 316 338
111 296 348
112 351 334
113 303 324
114 357 350
115 357 384
116 287 355
117 302 356
118 314 360
119 331 357
120 342 353
121 351 348
122 368 337
123 290 375
124 296 322
125 375 395
126 353 366
127 275 333
128 357 343
129 349 386
130 308 329
131 357 378
132 284 397
133 351 330
134 363 373
135 314 444
136 315 452
137 281 375
138 302 432
139 282 316
140 350 471
141 376 397
142 346 373
143 287 336
144 323 334
145 331 335
146 349 436
147 293 393
148 366 481
149 340 471
150 329 463
151 373 274
152 383 482
153 338 334
154 345 332
155 349 331
156 289 320
157 343 323
158 335 320
159 328 320
160 320 322
161 316 325
162 276 311
163 318 333
164 380 407
165 353 411
166 358 391
167 369 408
168 375 322
169 326 455
170 338 463
171 365 477
172 303 439
173 348 328
174 363 353
175 383 477
176 352 477
177 285 396
178 366 433
179 365 435
180 364 438
181 363 443
182 360 449
183 353 432
184 351 432
185 349 430
186 340 424
187 306 399
188 363 343
189 357 324
190 352 325
191 355 431
192 306 420
193 364 324
194 356 457
195 377 357
196 369 348
197 377 346
198 358 369
199 383 470
200 383 460
201 369 461
202 335 442
203 343 394
204 345 451
205 324 392
206 336 404
207 318 407
208 366 470
209 354 374
210 328 447
211 340 456
212 328 432
213 297 409
214 317 431
215 292 414
216 330 416
217 358 359
218 360 389
219 355 391
220 364 383
221 350 317
222 336 312
223 324 312
224 314 313
225 307 317
226 302 332
227 278 355
228 310 346
229 319 349
230 331 348
231 341 345
232 349 342
233 355 339
234 278 353
235 355 393
236 364 363
237 366 389
238 371 393
239 366 391
240 358 396
241 373 395
242 373 396
243 354 331
244 359 334
245 362 336
246 313 327
247 309 324
248 385 358
249 435 327
250 387 394
251 464 287
252 411 337
253 419 337
254 428 337
255 438 331
256 403 335
257 422 313
258 413 314
259 430 314
260 436 317
261 445 336
262 413 462
263 438 324
264 469 328
265 455 329
266 420 378
267 391 421
268 390 430
269 402 422
270 409 425
271 398 429
272 404 429
273 420 436
274 386 390
275 387 381
276 449 308
277 402 354
278 405 386
279 405 380
280 444 374
281 386 369
282 429 300
283 441 302
284 456 272
285 392 309
286 405 317
287 425 427
288 460 413
289 399 391
290 393 394
291 417 429
292 413 429
293 445 296
294 406 389
295 413 301
296 415 293
297 422 253
298 451 283
299 417 273
300 454 303
301 460 296
302 391 426
303 400 427
304 406 427
305 397 393
306 415 429
307 412 431
308 412 428
309 395 389
310 402 428
311 396 429
312 389 430
313 394 452
314 393 445
315 393 440
316 392 435
317 391 432
318 404 430
319 405 431
320 407 433
321 409 436
322 415 413
323 468 367
324 408 430
325 410 430
326 390 399
327 403 395
328 392 397
329 410 359
330 424 365
331 407 384
332 443 260
333 437 275
334 432 292
335 413 442
336 395 296
337 397 273
338 399 250
339 434 334
340 455 343
341 399 333
342 445 319
343 396 348
344 400 383
345 464 348
346 449 350
347 439 355
348 422 354
349 410 351
350 401 346
351 384 337
352 462 368
353 452 317
354 384 395
355 401 364
356 470 326
357 395 342
358 407 384
359 440 325
360 400 376
361 466 390
362 399 329
363 393 372
364 445 438
365 443 447
366 469 368
367 454 425
368 465 310
369 414 469
370 383 396
371 409 371
372 462 330
373 427 331
374 419 332
375 414 432
376 460 387
377 399 480
378 422 467
379 432 459
380 412 332
381 405 331
382 401 330
383 458 315
384 406 321
385 413 318
386 421 317
387 429 319
388 433 321
389 469 304
390 431 329
391 407 409
392 400 390
393 392 407
394 435 451
395 425 460
396 401 476
397 452 432
398 401 326
399 390 352
400 412 475
401 467 388
402 398 431
403 399 433
404 401 437
405 402 441
406 404 447
407 409 429
408 412 428
409 414 427
410 421 420
411 450 393
412 390 342
413 392 323
414 397 324
415 407 428
416 451 414
417 386 323
418 409 454
419 385 348
420 397 367
421 396 460
422 427 438
423 414 391
424 419 447
425 433 388
426 422 400
427 440 402
428 400 469
429 402 372
430 433 443
431 423 453
432 433 427
433 458 402
434 442 426
435 462 407
436 429 412
437 396 358
438 398 387
439 403 389
440 394 382
441 399 315
442 412 310
443 424 309
444 434 310
445 441 313
446 447 327
447 471 348
448 441 341
449 432 344
450 421 345
451 410 343
452 402 340
453 396 338
454 469 346
455 403 391
456 391 362
457 392 388
458 388 393
459 392 389
460 400 394
461 386 394
462 386 395
463 396 330
464 391 333
465 389 335
466 436 323
467 440 320
